1645766098361 0.203125 19
1645766099881 0.23984375 39
1645766101374 0.253125 59
1645766102895 0.2796875 79
1645766104367 0.26171875 99
1645766105863 0.28203125 119
1645766107359 0.31015625 139
1645766108863 0.30390625 159
1645766110368 0.3078125 179
1645766111858 0.33984375 199
1645766113356 0.328125 219
1645766129021 0.34765625 255
1645766130462 0.3640625 275
1645766131951 0.34296875 295
1645766133434 0.38125 315
1645766134941 0.371875 335
1645766136435 0.3546875 355
1645766137924 0.378125 375
1645766139410 0.39921875 395
1645766140907 0.40234375 415
1645766142388 0.38359375 435
1645766143870 0.4046875 455
1645766158477 0.40703125 491
1645766159993 0.43984375 511
1645766161561 0.42734375 531
1645766163036 0.41640625 551
1645766164513 0.43125 571
1645766165975 0.46953125 591
1645766167444 0.47265625 611
1645766168934 0.48046875 631
1645766170420 0.4640625 651
1645766171929 0.43515625 671
1645766173455 0.4765625 691
1645766188525 0.44921875 727
1645766190043 0.44609375 747
1645766191590 0.471875 767
1645766193105 0.48203125 787
1645766194573 0.48828125 807
1645766196064 0.490625 827
1645766197575 0.51171875 847
1645766199151 0.51015625 867
1645766200627 0.503125 887
1645766202157 0.51015625 907
1645766203628 0.5015625 927
1645766218263 0.50625 963
1645766219768 0.55859375 983
1645766221249 0.55234375 1003
1645766222783 0.54140625 1023
1645766224263 0.55078125 1043
1645766225797 0.5453125 1063
1645766227272 0.56953125 1083
1645766228745 0.5671875 1103
1645766230230 0.55625 1123
1645766231729 0.575 1143
1645766233197 0.56875 1163
