1645766098359 2.4590428829193116 19
1645766099879 2.331420195102692 39
1645766101373 2.31724990606308 59
1645766102893 2.2422955691814423 79
1645766104365 2.280319082736969 99
1645766105862 2.2412638068199158 119
1645766107358 2.204347479343414 139
1645766108861 2.187018650770187 159
1645766110367 2.1916436553001404 179
1645766111857 2.1389910221099853 199
1645766113354 2.1227017045021057 219
1645766129012 2.026232361793518 255
1645766130461 2.024009722471237 275
1645766131949 2.072559195756912 295
1645766133431 1.9996309220790862 315
1645766134939 1.9964655041694641 335
1645766136433 2.0301392495632173 355
1645766137923 1.9472553849220275 375
1645766139409 1.9287629902362824 395
1645766140905 1.8831287801265717 415
1645766142386 1.9352864801883698 435
1645766143869 1.892516940832138 455
1645766158474 1.8565394043922425 491
1645766159991 1.7970428168773651 511
1645766161560 1.8375343084335327 531
1645766163035 1.7884606420993805 551
1645766164511 1.80831281542778 571
1645766165973 1.6841994524002075 591
1645766167442 1.7075165212154388 611
1645766168932 1.6810109198093415 631
1645766170418 1.6767624258995055 651
1645766171927 1.7126477181911468 671
1645766173454 1.6455484271049499 691
1645766188523 1.6675344407558441 727
1645766190041 1.7071711063385009 747
1645766191589 1.6257758021354676 767
1645766193104 1.6021491229534148 787
1645766194571 1.5840477347373962 807
1645766196062 1.5321568369865417 827
1645766197574 1.5247709691524505 847
1645766199150 1.5235283195972442 867
1645766200625 1.5000664174556733 887
1645766202156 1.5447985470294952 907
1645766203626 1.5511557579040527 927
1645766218261 1.4908554077148437 963
1645766219766 1.3721337914466858 983
1645766221248 1.39678955078125 1003
1645766222779 1.391976112127304 1023
1645766224261 1.3695391833782196 1043
1645766225795 1.3663026094436646 1063
1645766227271 1.3367030620574951 1083
1645766228744 1.358292317390442 1103
1645766230229 1.3540199995040894 1123
1645766231727 1.3114587306976317 1143
1645766233195 1.354557466506958 1163
